277.956965704791 2770.025101138551
521.749905361780 1646.672882421841
263.894523852622 2940.534131859437
352.115088280191 3425.693193973818
416.895249582914 2845.468852776621
413.723715471317 3330.866642990149
300.323242498437 3552.061986154002
490.788831157295 2159.103259370267
456.215099865980 2154.809370866522
233.966840585231 2658.520822735315
301.618607407732 2986.437249102168
208.578444285786 2089.388256606318
433.087661246979 2785.599947757090
245.242612241445 2595.480606615792
321.242843736332 3014.252076102361
278.181147448606 3052.584776171407
552.962917435058 1091.055744627198
372.857531628103 3037.402923355476
224.173159554595 2189.721859499166
428.884719978916 2570.202528515685
213.767830283388 2177.358513569016
232.855939172887 2571.093017588929
229.773023429829 2244.822405771956
371.313244170707 3296.574891111321
470.907710139104 2423.907357641698
234.951201133708 2485.092350662163
261.846811387463 2566.049329391357
564.747819019933 828.630132512815
229.694369141540 2616.626810198376
245.256356278871 2408.489077816893
498.051380489656 1708.635372813535
200.811241694746 1719.170365475698
255.354319019360 2558.219708705658
297.603941277068 2959.010850268686
323.998825194338 3266.836076628945
307.801715027382 3065.928568398313
487.488131478838 1755.725751196251
514.119661064366 1764.599175977156
216.296357683967 2177.124918325965
490.756140459125 2064.143356871768
479.974946266457 2089.953546476366
567.056099563743 928.644365603252
334.683758549623 3716.171993576222
201.870748543826 2081.565506143924
393.344719479012 3231.029552909414
343.807224797433 3563.079191174903
368.266297984118 3193.228980493278
337.746432465084 3788.397214561534
278.364940581145 2874.428139805085
257.970833707673 2695.783705141079
360.782774874723 3709.552907707648
304.572658326010 2976.104353668424
391.395554809319 3645.882534301999
